100
4
10 5 15 5
2
100 100
8
81 81 81 81 81 81 81 0
6
23 90 40 0 100 9
2
0 0
10
100 0 100 0 100 0 100 0 100 0
10
100 100 100 100 100 100 100 100 100 0
5
29 67 83 77 81
6
21 95 79 96 86 31
7
84 78 12 4 64 80 76
8
31 32 1 71 46 85 95 24
9
57 59 58 27 82 73 18 7 70
10
31 78 49 50 66 82 91 85 50 42
10
96 64 61 83 37 7 87 43 38 70
10
26 74 3 76 3 2 56 56 88 59
10
41 69 51 43 34 14 85 0 35 15
10
56 18 83 51 3 83 82 45 61 26
10
14 10 82 33 0 79 33 55 44 39
10
49 63 61 22 21 23 77 30 11 22
10
79 76 97 17 62 4 77 77 67 12
10
13 72 98 25 7 43 69 93 50 49
10
1 52 51 12 1 68 80 69 42 58
10
44 9 99 10 6 40 28 3 4 12
10
82 0 70 54 71 8 71 82 4 95
10
15 34 14 96 78 74 10 12 40 10
10
17 15 74 9 74 94 93 82 79 21
10
42 72 72 83 70 91 67 10 89 27
10
73 69 68 67 15 58 12 82 3 79
10
69 48 31 91 80 2 79 99 34 25
10
84 17 94 88 75 75 47 97 67 63
10
15 24 61 60 32 75 14 97 90 27
10
0 2 73 91 31 86 91 5 9 49
10
45 55 82 64 7 94 41 0 60 86
10
90 83 97 43 46 44 63 61 17 57
10
15 14 43 0 53 64 97 13 28 34
10
9 51 29 21 78 44 64 94 12 25
10
62 32 27 17 65 33 5 51 5 89
10
85 94 57 45 83 40 93 44 71 21
10
73 7 57 89 3 55 0 21 96 2
10
75 81 91 80 25 49 82 89 44 75
10
27 77 21 25 59 64 41 21 12 82
10
19 89 52 58 13 19 0 91 41 63
10
53 35 89 55 49 26 41 57 93 30
10
69 91 15 56 57 47 57 10 16 18
10
15 64 81 72 59 25 65 7 40 39
10
21 99 42 53 41 40 59 30 85 11
10
60 39 68 6 20 40 41 19 65 5
10
91 80 57 48 36 57 51 60 97 95
10
37 46 10 10 2 23 23 98 43 88
10
4 7 64 53 4 86 57 7 56 57
10
13 70 44 30 64 73 18 45 85 66
10
72 41 98 97 30 88 66 13 26 49
10
76 43 9 74 92 36 96 27 5 49
10
9 43 12 37 42 48 44 72 80 64
10
71 88 97 31 82 47 94 42 20 23
10
80 9 48 17 4 21 52 26 23 45
10
13 14 97 15 27 47 10 46 76 27
10
85 16 24 13 82 13 36 4 21 64
10
24 36 39 7 86 30 69 46 39 43
10
98 70 32 92 95 8 28 12 85 13
10
6 22 16 59 75 18 80 60 95 89
10
48 11 29 70 77 76 87 42 57 43
10
42 66 31 92 51 29 15 61 65 98
10
94 96 11 8 33 60 35 27 28 45
10
19 38 52 27 80 76 96 56 4 82
10
32 86 61 48 14 64 75 0 83 55
10
66 35 34 19 5 67 12 69 63 24
10
79 15 75 56 16 10 4 8 60 58
10
63 85 23 58 30 24 11 27 44 73
10
51 51 92 73 19 66 88 71 73 21
10
6 80 62 5 70 27 12 74 27 33
10
41 1 20 87 62 67 67 36 82 24
10
17 20 22 95 70 2 24 25 71 61
10
81 51 46 51 25 18 48 68 5 3
10
2 54 12 30 23 96 71 63 83 54
10
89 0 97 45 2 50 69 96 92 74
10
93 78 2 90 59 99 21 60 57 92
10
10 60 41 96 67 5 9 78 84 1
10
30 37 46 58 97 43 36 32 52 28
10
88 99 72 53 74 21 96 24 13 93
10
97 19 54 39 20 32 2 55 73 43
10
50 39 8 92 82 48 81 84 99 97
10
54 73 44 61 79 43 76 0 82 3
10
36 30 38 42 70 53 79 9 99 33
10
52 48 36 8 98 80 9 98 99 2
10
53 99 38 35 48 32 69 4 98 44
10
56 13 37 44 53 63 13 38 32 53
10
48 55 4 26 84 6 39 49 87 1
10
27 63 0 12 94 32 2 98 77 71
10
34 38 46 22 18 17 17 35 46 9
10
2 41 74 94 93 78 24 48 85 97
10
88 60 20 34 35 43 55 81 31 21
10
0 87 21 75 44 22 49 12 72 9
10
16 42 49 8 36 94 5 96 50 61
10
12 10 69 95 76 93 66 84 25 0
10
8 13 74 61 51 4 44 91 75 40
10
1 23 18 16 46 57 98 81 51 15
10
40 91 54 11 83 67 94 8 21 70
10
19 62 74 87 97 44 8 88 26 77
10
25 86 32 18 94 70 97 46 83 67
